1102130
1092790
508910
282070
606150
1785150
413150
48000
368370
24572
1966900
1127400
998740
692890
247080
578650
638230
894020
384190
225080
22380
108710
870780
219150
362890
262060
1097350
1262350
239160
504230
367520
331870
1313140
17410
1087760
1386900
1282730
979690
1144200
33220
33229
1150690
1222700
1426210
412020
286690
287390
1088850
219740
19980
788100
239250
282530
1867530
264710
208650
1364100
1172380
1850570
214340
1608700
1225590
802975
1824220
301860
1094920
629820
1092660